	1 	1 	1 		12 			1300 		
  0.2  0.2  0.25    144         2000        
    1   1   1       11          2000        
  0.75 0.7  0.60    11  		1100        
	1	1	1		1410		75		 	
  0.29 0.27 0.25    1410		65   		
    1   1   1       110 		2200		
  0.47 0.47 0.25    110		    2100		
  0.1  0.1  0.1     110         2200		
  0.22 0.3  0.38    120			1250		
  0.59 0.58 0.5		180			160		 	
  0.8  0.8  0.72    90          30                   
    1   1   1		240	        350	     	
	1	1	1       10          1500		
  0.48 0.49 0.41	72			300		 	
  0.2  0.2  0.2     72			100		 	