	1 	1 	1 		50 			0 		 1 		0 	 1 		0  	  0       0		0 		0
  0.2  0.2  0.25    4           0        1		0	 0		1	  0 	  0		0		0
    1   1   1       104         0        1      0    0      1     0		  0		0		0
  0.75 0.7  0.60    0.25		0        0      0    0      1     1100 	  0		0		0
	1	1	1		0			0		 1      0    0      1     0		  0		0		0
  0.29 0.27 0.25    0			0   	 1      0    0      0     0 	  0		0		0
    1   1   1       104 		1		 0		1    1      1	  0		  0		0		0
  0.47 0.47 0.25    104		    1		 0		1	 1		1 	  0		  0		0		0
  0.1  0.1  0.1     104         1		 0      1	 1      1	  0		  0		0		0
  0.22 0.3  0.38    2			0		 0		0	 0      1     1350    0		0		0
  0.59 0.58 0.5		2			0		 1		1    1      0	  50	  0		0		0
    1   1   1		4	        0	     1		1    1		0	  0       1.79  1.93    1.73		
  0.48 0.49 0.41	1.5			0		 0		1    1      0	  200	  1.15  1.13    1.1		
  0.2  0.2  0.2     1.5			0		 0 		1    1      0     90 	  0		0		0